PSO

1.6107532259871098
2323.7641503810883

3.8822200924178167
2147.8294472694397

2.821436260561475
2309.599469423294

3.380777199651064
1831.3604776859283

2.5890612253521934
3567.704278230667

Anneal

2.1188506595050804
507.9881055355072

2.122281584134122
509.01481080055237

1.1115123139399063
606.6905446052551

1.9684333543747377
312.9653844833374

3.0115465785711644
530.2412121295929

PSO30
1.1731876594032162

PSO10
2.0603979908131542

PSO6h
2.723674839724252

SA6h
1.9630282467918934

SA10

1.7369356090634045
600.3732523918152

1.4622973318117645
600.2907049655914

1.5530555603466898
600.0845110416412

1.6261393891106501
600.0758903026581

1.8860578694692434
600.3456346988678

PSO10

2.0603979908131542

2.512597108691665

4.103821364594735

2.1791863154566578

3.894636804773361

SA20

1.6350140843866134
1200.392513513565

2.506567352851281
1200.2432770729065

1.9419848968690778
1200.1043701171875

0.9233172420304976
622.224686384201

1.6757313513829812
1200.167466878891

PSO20
3.6223082372086877

2.6174217482216697

2.372685325463971

4.409840589996761

1.6477220443468423

4.573009620167419e-09
72.48802661895752

26.437805946536013
3055.489728450775

177384.55390388897
131.28926753997803

0.00572507617978577
130.78844475746155

558.2041909540217
390.2135400772095

0.0008697637353113941
119.66214275360107

0.05937304491884697
105.22784614562988

48.36473560706059
112.1640248298645

25186.20465774351
3707.7203125953674

6.2918103833810485e-06
85.7938711643219

9.560515621282269e-06
79.87775254249573

8.200992227098144e-06
76.12477278709412

7.2674695153562205e-06
71.37935209274292

6.963998819780931e-06
68.31323790550232

7.3498752410884345e-06
67.34644341468811

6.410368606136225e-06
106.81690716743469

0.10143342745433236
365.0476405620575

20.52921523797468
1387.2176246643066

20.50804800770531
1067.7059321403503

4.105655152127053
194.68489933013916

4.8975369524135886
295.10226798057556

4.4412062494274185
241.55394792556763

3.902538529559552
298.16629815101624

5.652388927099939
280.2930829524994

0.5166213206833699
468.3837776184082

9.121118644747161
2658.9420914649963

0.2352163797105354
218.555020570755

0.23522159647414675
129.411470413208

4.309047092565449
1795.2222213745117

4.308412610958278
1102.413607597351

3.7274083017204394
2173.5701735019684

5.258703370805257
1631.205332994461

2.5276713174150487
1205.5055344104767

0.11448160125800959
1670.8914334774017

0.14362029278480062
1408.913173675537

0.6067563271249942
1716.7941303253174

0.8580405454906508
1802.6704442501068

0.3210613309774022
1007.2685070037842
