0.27183919804426204,-0.8753300341073652,-1.292410816425189,0.5740793715213667,0.23364700272907427|
1.2879169735877904,-1.7950981685250225,1.0339388101896374,-0.5958095271845834,-1.903376497773319|
-2.9996106916122867,-0.8834736524798734,0.4184270484609574,-0.30024023453639986,1.0037726591780471|
-0.7698017720745478,1.6489747696703423,-0.7145158785935599,-0.6070290209514928,0.8538416415991972|
1.9025192453663908,0.6562870302624595,-2.711449925379466,-1.205001625544229,-0.35282362104222376#
1.948519186640689,1.3442404747013954,-2.1316155324357995,0.3568696098904645,-0.12773408040609802|
1.1639397538247638,0.936596107292137,-1.0051758550568117,0.8392727315896492,0.44286718460482544|
-1.447857155284672,-0.9721001871822129,1.520351146858002,-0.3659757598261199,-0.458009322399181|
-1.8091693891059557,-0.32742056639005374,0.834732567548303,0.0127896762952141,-0.11089692952677963|
-0.2149497714843076,-1.8270956290985114,1.5251377680662515,-1.4420761032324059,-1.4313958013856691|
-0.055419277240322175,-0.8172690165736637,1.2531200375433742,-0.28377462937617637,-0.6825617667628515#
-1.6062305131980825,-0.24427801729256504,1.7576549759769535,1.1421179441852416,1.8953477239579766|
-1.6849147874034835,0.8077536843618253,1.4047980802968885,1.3668310485576163,1.239483699313553|
1.59049560344471,-0.23978091293353707,-2.0823457506186984,-2.179412168921833,-1.5436350531928633|
-0.8443967740564579,-0.14529594770381568,0.19801769228478766,1.7139751928425142,0.0770385383267153|
-1.2577927307359307,0.5876780158177144,0.7170569194377118,-0.3587596223920282,0.9112098906385012|
-0.7517936993900908,-0.7510138348466455,0.18612570629607156,0.0506466965427045,0.682272129306041#
-1.333087173884344,0.5400959484002654,-0.6891762065736532,-0.21174798190956812,3.1958583996213066|
-0.4502242737906245,-1.171118133402029,-0.8528022657392563,-1.132951106928899,0.09948868703810196|
0.03484104657483037,-0.9513147670445894,-0.8732246218496956,-0.9534741958158578,-2.6500730335285234|
-0.4908776613720558,-1.1930845525575746,0.5389805950410794,0.01909458050197501,-2.5253020928689747|
0.084799659930954,-1.1126687671460058,-0.7008936074029047,-0.4592693514860493,-2.2068058521507097|
1.6358631927952538,-0.4620197852388706,1.2016426170699452,1.0134957054388352,-1.053234647243931#
0.40285891710613964|
-1.3628941102100518|
0.07514085384737779|
-0.32594150974012964|
-4.659502603683663|
-2.70340935296838