testtest


(array([0.78755788, 0.74004935, 0.62411165, 0.78683945, 0.4486185 ,
       0.4734919 , 0.40420114, 0.55350392, 0.67918076, 0.94992312,
       0.58012351, 0.2065939 , 0.19954293, 0.46164752, 0.33160015,
       0.80047471, 0.9812983 , 0.63574796, 0.55359051, 0.95799751]), 43.091013546922596)

(array([0.10911804, 0.63533759, 0.55899821, 0.63048738, 0.49472355,
       0.40035784, 0.60564066, 0.59261864, 0.69133444, 0.66318484,
       0.9865242 , 0.67719096, 0.89539987, 0.34366534, 0.06258852,
       0.44395495, 0.69474138, 0.29768144, 0.4252433 , 0.95649034]), 13.070603131714023)

(array([0.40967822, 0.13658092, 0.41459651, 0.41717774, 1.        ,
       0.72045106, 0.93852268, 0.15346468, 0.18716611, 0.43057518,
       0.59469005, 0.71821807, 0.51992199, 0.52982753, 0.02770756,
       0.01306893, 0.63465724, 0.33512251, 0.19145194, 0.57243029]), 48.16942060812837)

(array([0.24058304, 0.08436219, 0.62811715, 0.7081886 , 0.56968241,
       0.05123253, 0.6190884 , 0.66226687, 0.2280656 , 0.450127  ,
       0.62985083, 0.54573703, 0.42520179, 0.52953185, 0.0232979 ,
       0.01805094, 0.6611447 , 0.48807563, 0.65244681, 0.19064546]), 47.99174941464646)

(array([0.46436488, 0.96584028, 0.80540018, 0.99933367, 0.97975171,
       0.6421109 , 0.47493086, 0.55421362, 0.55852342, 0.56442018,
       0.8806073 , 0.49592481, 0.28372438, 0.29073021, 0.27514107,
       0.60340146, 0.96531215, 0.98787428, 0.59244114, 0.5231253 ]), 23.354845705736853)

(array([0.08594139, 0.96400394, 0.89354162, 0.97458786, 0.27834774,
       0.1646923 , 0.06996148, 0.49454399, 0.47677311, 0.59239485,
       0.34793302, 0.17491146, 0.96881621, 0.37917024, 0.05693262,
       0.62949996, 0.63473788, 0.94815991, 0.02080921, 0.88834692]), 19.319742976897206)

(array([0.84047889, 0.16767971, 0.17868029, 0.17725221, 0.25377246,
       0.0742045 , 0.24474178, 0.33905881, 0.81025236, 0.14971967,
       0.71351577, 0.32216333, 0.16598981, 0.27146913, 0.06226174,
       0.74206   , 0.72401885, 0.84524509, 0.27979215, 0.66531465]), 10.864940158743467)

(array([0.51503516, 0.8464478 , 0.53558634, 0.99825682, 0.99999684,
       0.74876476, 0.55576374, 0.001     , 0.51951359, 0.45149523,
       0.41973699, 0.76495399, 0.52700812, 0.88095499, 0.03628156,
       0.05688311, 0.04223586, 0.5702214 , 0.84256144, 0.18461436]), 57.146044763273785)

(array([0.31349657, 0.38488103, 0.49185904, 0.88035685, 0.72775732,
       0.68095581, 0.50160301, 0.30894094, 0.25349774, 1.        ,
       0.6932354 , 0.00722742, 0.39050629, 0.68310075, 0.23106535,
       0.98601583, 0.47289675, 0.5975898 , 0.86267402, 0.6066956 ]), 32.72104518130363)

(array([0.20217748, 0.59051927, 0.55565911, 0.97339893, 0.71389932,
       0.91997506, 0.40155658, 0.19675079, 0.61676212, 0.81121884,
       0.95002337, 0.18767195, 0.60518902, 0.36977338, 0.16727016,
       0.75927864, 0.47638768, 0.62484464, 0.52394903, 0.3434612 ]), 24.616179025647533)

(array([0.74334472, 0.31108499, 0.52919064, 0.4891662 , 0.84212692,
       0.35426349, 0.97129063, 0.08780678, 0.25062367, 0.59194738,
       0.61569094, 0.29494709, 0.5908433 , 0.93022373, 0.04829759,
       0.01333886, 0.98809419, 0.254313  , 0.37085288, 0.66358708]), 43.41550819264781)

(array([0.75937171, 0.25151385, 0.4941086 , 0.54304445, 0.13217883,
       0.15337842, 0.54918784, 0.94419782, 0.32254387, 0.35901676,
       0.21199942, 0.99693852, 0.28686374, 0.72751193, 0.0507615 ,
       0.0163703 , 1.        , 0.07413187, 0.71771963, 0.99066552]), 49.38897239172295)

(array([0.81259336, 0.39641277, 0.50314478, 0.78607896, 1.        ,
       0.01000052, 0.49729387, 0.25281221, 0.81549825, 0.72284913,
       0.52031514, 0.03608448, 0.87303197, 0.60562049, 0.39114855,
       1.        , 0.72652325, 0.74536579, 0.74035697, 0.63039108]), 72.71224321999934)

(array([0.00100053, 0.3447598 , 0.69098608, 0.8545346 , 0.63292417,
       0.45250014, 0.23408205, 0.53183311, 0.912388  , 0.11489995,
       0.8484251 , 0.46580812, 0.30340636, 0.50491996, 0.01362512,
       0.18238625, 0.26364635, 0.64590946, 0.33132518, 0.99770193]), 11.617877486806542)

(array([0.44867711, 0.04617283, 0.05551706, 0.07064614, 1.        ,
       0.80530569, 0.60258541, 0.11643936, 0.36047623, 0.42157905,
       0.40292633, 0.39014499, 0.31671086, 0.11928848, 0.01356374,
       0.25944713, 0.79943004, 0.65394629, 0.59908453, 0.31601188]), 12.864587108916687)
	   
updated

(array([0.19517301, 0.46020405, 0.53687441, 0.62084593, 0.57882026,
       0.46608665, 0.96897132, 0.25074668, 0.72221061, 0.68611895,
       0.55511645, 0.15667228, 0.57851547, 0.17155678, 0.11596248,
       1.        , 0.55418184, 0.85668249, 0.001     , 0.20342281]), 4.225991645038803)

(array([0.11449037, 0.688297  , 0.59468821, 0.66383765, 0.36751438,
       1.        , 0.01129613, 0.77723569, 0.99988396, 0.78216532,
       0.63154094, 0.15711862, 0.54471043, 0.72351227, 0.09141233,
       0.64378727, 0.54133424, 0.36628046, 0.17764675, 0.91832772]), 3.399544492302053)

(array([0.05814427, 0.5996168 , 0.51660594, 0.95395243, 0.53045916,
       0.42256124, 0.60364072, 0.51507927, 0.93701769, 0.88657598,
       0.81457333, 0.99051871, 0.88154249, 0.38765907, 0.10232061,
       0.64219062, 0.28979554, 0.6070298 , 0.7759252 , 0.3896715 ]), 4.24613653357256)

(array([0.00132622, 0.86147987, 0.88748741, 0.2736418 , 0.08042869,
       0.13329083, 0.57797669, 0.84807985, 0.77973064, 0.78903028,
       0.96150771, 0.02382095, 0.64842721, 0.74995977, 0.01172853,
       0.16974229, 0.55505248, 0.31503675, 0.32213702, 0.5546739 ]), 2.8535071175021463)

(array([0.56154922, 0.72490777, 0.69050907, 0.79037556, 0.3701561 ,
       0.36818959, 0.43962443, 0.82240962, 0.59164907, 0.80433643,
       0.33174143, 0.18187079, 0.1471097 , 0.12564486, 0.29126858,
       0.86133561, 0.94872618, 0.59472471, 0.80760319, 0.99871358]), 6.020208214213834)

(array([0.06228467, 0.48908727, 0.20931008, 0.35909979, 0.33157945,
       0.99409521, 0.33278341, 0.00135056, 0.53731928, 0.20758233,
       0.31189825, 0.3395705 , 0.55675687, 0.5055475 , 0.00100012,
       0.72745712, 0.56565876, 0.35077148, 0.77661382, 0.37891303]), 6.041379012504055)

(array([0.1605647 , 0.76324778, 0.68660186, 0.87125305, 0.99967274,
       0.17880511, 0.40841908, 0.65585197, 0.93034223, 0.80428581,
       0.84678243, 0.19627334, 0.05475364, 0.05414303, 0.16209558,
       0.94752568, 0.50785207, 0.35205933, 0.71423498, 0.95451869]), 4.327959309937157)

updated
	   
(array([0.33856683, 0.26699429, 0.27041183, 0.33106019, 0.50697859,
       0.31310094, 0.85006129, 0.10685664, 0.83217121, 0.16374041,
       0.49117081, 0.55414034, 0.04083218, 0.9778196 , 0.03778949,
       0.18484442, 0.99690895, 0.11159766, 0.05546344, 0.80902457]), 19.33965972122414)

(array([0.99669732, 0.15396403, 0.17573423, 0.21636878, 0.24784843,
       0.92876091, 0.84536883, 0.57493111, 0.53338702, 0.69611761,
       0.51013748, 0.83200909, 0.16284947, 0.71391688, 0.07875134,
       0.13636973, 1.        , 0.0249211 , 0.29767992, 0.26140319]), 38.93144341770922)

(array([0.32953375, 0.37718418, 0.4567168 , 0.85119504, 0.75921743,
       0.03469188, 0.8061269 , 0.28677518, 0.69343956, 0.51215393,
       0.57116145, 0.44301168, 0.90688934, 0.6147835 , 0.22515851,
       0.72130676, 0.47810611, 0.17686564, 0.55384864, 0.64601647]), 22.77971017365634)

(array([0.04640596, 0.50018402, 0.42053641, 0.4688908 , 0.33174241,
       0.16282237, 0.20653133, 0.47137833, 0.53175016, 0.25594029,
       0.7850758 , 0.26576453, 0.75607996, 0.37607754, 0.02566537,
       0.33908744, 0.67808528, 0.59226681, 0.49246126, 0.73641241]), 4.004276016753168)

(array([0.2629335 , 0.49116609, 0.56605159, 0.72237444, 0.5442231 ,
       0.40071287, 0.71894011, 0.62282896, 0.37280064, 0.43138361,
       0.45917729, 0.14964   , 0.50056261, 0.2532457 , 0.18013431,
       0.8873163 , 0.61120635, 0.69665474, 0.43227901, 0.60177022]), 6.823229490776031)

(array([0.4412013 , 0.4361296 , 0.65938236, 0.69149946, 0.0159503 ,
       0.63900208, 0.14918191, 0.41473008, 0.46754288, 0.45821031,
       0.22271293, 0.73348692, 0.46470459, 0.53597524, 0.2211995 ,
       1.        , 0.75538601, 0.73557184, 0.001     , 0.49738452]), 4.80022029465151)

(array([0.525182  , 0.70533383, 0.72360561, 0.59864252, 0.15302289,
       0.62222645, 0.4728509 , 0.48872816, 0.37232443, 0.42628082,
       0.70476971, 0.75471323, 0.44399959, 0.44554291, 0.05161634,
       0.01972372, 0.50035392, 0.52348262, 0.34485161, 0.68814685]), 36.75295175207788)

(array([0.23050832, 0.63864145, 0.53558389, 0.57583713, 0.67952656,
       0.80304115, 0.0978893 , 0.36997217, 0.45091773, 0.33415074,
       0.78439697, 0.62913861, 0.41551264, 0.41375814, 0.12292224,
       0.69022965, 0.74564488, 0.61400405, 0.73667227, 0.31261626]), 4.737068255145256)

(array([0.1719237 , 0.68449751, 0.36935611, 0.43575995, 0.70190972,
       0.23510756, 0.74417301, 0.98407133, 0.56176515, 0.27266966,
       0.32466749, 0.35508226, 0.59476499, 0.15460473, 0.1228673 ,
       0.9999251 , 0.4431951 , 0.00650717, 0.71700296, 0.4473363 ]), 5.053571663481272)

(array([0.57686803, 0.13075374, 0.38425703, 0.41092611, 0.28750136,
       0.02549184, 0.56617544, 0.37313912, 0.59081905, 0.56375088,
       0.41017539, 0.50531884, 0.80740431, 0.53361949, 0.05135272,
       0.00889527, 0.78232475, 0.36695861, 0.96240163, 0.290431  ]), 14.839358510120507)

(array([0.12056911, 0.56210824, 0.69441259, 0.82283503, 0.15127171,
       0.34794797, 0.55562587, 0.40381716, 0.47849826, 0.51401745,
       0.58410611, 0.45230324, 0.78125177, 0.47576829, 0.10298884,
       0.71623905, 0.51637178, 0.35118216, 0.01544496, 0.96229968]), 4.846890435257733)

(array([0.2988037 , 0.94221047, 0.80408932, 0.86406199, 0.23765786,
       0.50358239, 0.56301566, 0.65429594, 0.31189895, 0.35299369,
       0.67449933, 0.18197258, 0.8568336 , 0.28998194, 0.17157816,
       0.8037501 , 1.        , 0.74572098, 0.42070014, 0.47171025]), 5.064474092914594)

(array([0.09855639, 0.65791703, 0.56291943, 0.91302782, 0.30815257,
       0.20332022, 0.61182632, 0.84435204, 0.45519351, 0.96541296,
       0.8858915 , 0.22087367, 0.74610809, 0.16224476, 0.13881871,
       0.8932114 , 0.34768324, 0.74631922, 0.93687284, 0.44343973]), 4.901189183971192)

(array([0.49133993, 0.11441162, 0.47917387, 0.5513041 , 0.79544569,
       0.54862047, 0.2889381 , 0.82180073, 0.97794446, 0.22758025,
       0.17917878, 0.45216264, 0.03295156, 0.43887177, 0.0500588 ,
       0.01393751, 0.57558241, 0.47647629, 0.7620007 , 0.760308  ]), 25.84752820095389)

(array([0.13303336, 0.86377425, 0.6754289 , 0.76826546, 0.97525021,
       0.90353149, 0.44698704, 0.60810768, 0.7843365 , 0.94436539,
       0.85538739, 0.17942185, 0.51891043, 0.25636101, 0.10641095,
       0.64041622, 0.65322647, 0.74598611, 0.67419562, 0.40651553]), 3.6686141561240033)

(array([0.5900874 , 0.6120101 , 0.57435546, 0.60621004, 0.43737994,
       0.18756225, 0.9417941 , 0.35366303, 0.71542404, 0.64200008,
       0.54954894, 0.58650359, 0.01914796, 0.19277078, 0.25879289,
       0.94702218, 0.93025702, 0.72641734, 0.53942155, 0.41863621]), 4.763189522541439)

(array([0.01952275, 0.52048548, 0.49526977, 0.61336878, 0.41855538,
       0.55622122, 0.8319735 , 0.03079435, 0.46257549, 0.40469078,
       0.81945641, 0.39226799, 0.37016874, 0.20701388, 0.01495479,
       0.2344325 , 0.52937542, 0.29266653, 0.21149398, 0.3115727 ]), 5.076548250389923)

(array([0.03718997, 0.52360424, 0.46128347, 0.91524943, 0.001     ,
       0.24313438, 0.66831321, 0.20623769, 0.67289343, 0.83366125,
       0.40950511, 0.66071203, 0.14696805, 0.63241043, 0.058742  ,
       0.37817937, 0.31299405, 0.41365423, 0.40345481, 0.33961198]), 6.326908715835547)

(array([0.03734463, 0.77455094, 0.548701  , 0.70447123, 0.45282512,
       0.73536963, 0.48081067, 0.85745872, 0.59421867, 0.49206727,
       0.45199773, 0.19379549, 0.06944048, 0.8561671 , 0.0582048 ,
       0.63481749, 0.32697797, 0.36416434, 0.58556358, 0.70292818]), 3.5676335679439104)

(array([0.52536506, 0.90432799, 0.66332358, 0.68531893, 0.45611475,
       0.778933  , 0.98356598, 0.87707433, 0.73811604, 0.63442629,
       0.66274416, 0.24399342, 0.34770859, 0.16254387, 0.24899605,
       0.99998935, 0.99999991, 0.40534806, 0.70889511, 0.54492743]), 4.122149562794704)

(array([0.06432453, 0.82088799, 0.56375899, 0.53149912, 0.29526233,
       0.4808406 , 0.19276688, 0.35343495, 0.39345903, 0.7886312 ,
       0.86808186, 0.07624741, 0.66526905, 0.62647292, 0.0306875 ,
       0.33917626, 0.95828559, 0.53973817, 0.50097605, 0.39518301]), 3.6833388988772535)

(array([0.54792089, 0.33842948, 0.6545337 , 0.74779745, 0.779201  ,
       1.        , 0.65405177, 0.95946094, 0.66391404, 0.5486559 ,
       0.8876254 , 0.40109047, 0.25051665, 0.17918254, 0.32174992,
       0.94566339, 0.64052968, 0.96804228, 0.001     , 0.54884105]), 6.649783517415628)

(array([0.56213262, 0.29123357, 0.52318748, 0.90555052, 0.0753878 ,
       0.36665283, 0.62475523, 0.6833797 , 0.44902583, 0.32579489,
       0.61048809, 0.75433562, 0.61354735, 0.21940826, 0.33444213,
       0.61414205, 0.61521997, 0.49472088, 0.42153323, 0.50146042]), 31.59667120550219)

(array([0.02465939, 0.90184059, 0.62291947, 0.69811567, 0.62391425,
       0.83756858, 0.98000082, 0.72951646, 0.31981218, 0.63757749,
       0.93881787, 0.20293709, 0.34640459, 0.10939336, 0.03180856,
       0.32545306, 0.49679307, 0.72063221, 0.23699213, 0.93065211]), 3.4780665557352157)

(array([0.66339831, 0.72175018, 0.22352389, 0.76380618, 0.15459021,
       0.55558715, 0.13628297, 0.00306947, 0.26268906, 1.        ,
       0.84422474, 0.75424383, 0.88682972, 0.41278912, 0.001     ,
       0.44242606, 0.55101556, 0.52625513, 0.73242003, 0.60859848]), 0.00036503212078583045)

(array([ 0.98744776,  0.001     ,  0.68001488,  0.43460958,  0.51805837,
        0.39995245,  0.31027011,  0.79106311,  0.85542377,  0.80450281,
        0.50258977,  0.64010375,  0.36828637,  0.35616284,  0.001     ,
        0.29946613,  0.43325554,  0.27845424,  0.435552  ,  0.63724938]), 1.2501654965886111e-06)

(array([ 0.56937611,  0.58006906,  0.53394906,  1.        ,  0.001     ,
        0.83067147,  0.15392934,  0.46930554,  1.        ,  0.1900994 ,
        0.9768924 ,  0.95649123,  0.4715352 ,  0.201994  ,  0.001     ,
        0.65008745,  0.51853334,  0.02630523,  0.60160592,  0.22954419]), 2.0756967657815861e-05)
		
updated
Wed Jun 27 14:29:20 2018
Wed Jun 27 14:29:50 2018
Wed Jun 27 14:30:12 2018
Wed Jun 27 14:48:52 2018
Wed Jun 27 15:12:51 2018
Wed Jun 27 15:34:52 2018
Wed Jun 27 15:58:50 2018
Thu Jun 28 14:16:20 2018
Thu Jun 28 14:17:31 2018
Thu Jun 28 14:18:29 2018
Thu Jun 28 14:19:03 2018
Thu Jun 28 14:19:56 2018
Thu Jun 28 14:20:08 2018
Thu Jun 28 14:20:29 2018
Thu Jun 28 14:22:43 2018
Thu Jun 28 14:36:34 2018
Thu Jun 28 14:36:51 2018
Thu Jun 28 14:39:49 2018
Thu Jun 28 14:40:08 2018
Thu Jun 28 14:40:26 2018
Thu Jun 28 14:40:54 2018
(array([0.001     , 1.        , 0.1952734 , 0.11072282, 0.001     ,
       0.55183113, 0.75567144, 0.42194394, 0.43041623, 0.001     ,
       0.91826299, 0.40262021, 0.001     , 0.14307317, 0.29002093,
       0.001     , 0.69094061, 0.29484609, 0.53328084, 0.64171576]), 4.573009620167419e-09)
Thu Jun 28 15:01:10 2018
Thu Jun 28 15:05:02 2018
Thu Jun 28 15:06:15 2018
Thu Jun 28 15:10:48 2018
Thu Jun 28 15:11:39 2018
Thu Jun 28 15:13:29 2018
Thu Jun 28 15:15:48 2018
Thu Jun 28 15:17:18 2018
Thu Jun 28 15:19:01 2018
Thu Jun 28 15:19:51 2018
Thu Jun 28 15:20:28 2018
(array([0.11692733, 0.93325127, 0.88577477, 0.001     , 1.        ,
       0.08266059, 0.27448194, 0.53437552, 0.20965055]), 26.437805946536013)
Thu Jun 28 16:16:03 2018
([0.001, 0.07703578979081732, 0.8975481132842669, 0.5202409363056196, 0.7748876317537435, 1.0, 0.07991064775768908, 0.9604335511677468, 0.11610663165825517, 0.001, 0.001, 0.001, 1.0, 0.5816172393429978, 0.9641533591435316, 1.0, 1.0, 0.016624539309636865, 0.41365661833072664, 0.456893557927335], 6.064457578943618e-12, array([0.10991982, 0.9019936 , 0.58211073, 0.001     , 1.        ,
       1.        , 1.        , 0.78483106, 0.001     ]), 177384.55390388897)
Thu Jun 28 16:20:30 2018
[0.001, 0.001, 0.4394242358723579, 0.697192740416648, 1.0, 0.001, 0.24645390360485636, 0.9235476739961592, 1.0, 0.001, 0.7080221160425173, 0.7148487205165399, 0.46319120826848653, 0.001, 0.22802186167271832, 0.31516947556199687, 0.2934279027956641, 0.07560236774131301, 0.35954583836582227, 1.0]
7.081829844176916e-08
[0.34670434 0.34771037 0.70235323 0.001      1.         0.001
 0.001      0.001      0.17580205]
0.00572507617978577
Thu Jun 28 16:23:39 2018
Thu Jun 28 16:23:54 2018
[0.3748721900337232, 0.5879787867636633, 0.001, 0.001, 0.5982559142252202, 0.7503095532341422, 0.6936878631145182, 0.12401654229659531, 0.38658479634078763, 0.3503447695608159, 0.7180066096292508, 0.2549537461997906, 0.5716759637479646, 0.8176294488653123, 0.45363090291474506, 0.5568559284141656, 1.0, 0.9672140572262697, 0.42003576836091616, 1.0]
1.1139975242699063e-18
[0.07766711 0.74123411 0.46590342 0.001      0.1868106  0.92494221
 0.21875547 0.48176531 0.91181829]
0.2790602219336422
Thu Jun 28 16:39:36 2018
Thu Jun 28 16:40:12 2018
[0.30948941633138877, 0.09463937634848144, 1.0, 1.0, 0.5568562625358715, 0.9001046991723402, 1.0, 0.001, 0.5423653506310937, 0.4575168122931984, 0.5637990799543633, 0.3542962122515407, 0.972950614070356, 0.001, 0.720949110043102, 1.0, 0.9646421223525266, 0.4449323806551325, 0.24877694349864427, 0.001]
1.2621091914519893e-40
[0.71981469 0.05222746 0.001      0.001      0.87345159 0.21346128
 0.78144607 0.61470356 0.32708605]
2.5656312608108683e-05
Thu Jun 28 16:43:18 2018
[0.54000656205165, 0.001, 0.001, 0.001, 0.001, 0.07405082820805686, 1.0, 0.001, 0.001, 0.30530142532748067, 0.9758148764280998, 0.8421450104088586, 0.5175648604622128, 0.7384602193783241, 0.8883310675516688, 0.7889830522838877, 0.32171356257920936, 0.9815292378716864, 0.7157404793804272, 0.001]
2.3611488999963095e-20
[0.92443272 0.59759556 0.3957614  0.001      1.         0.001
 1.         1.         0.93598362]
558.2041909540217[0.54000656205165, 0.001, 0.001, 0.001, 0.001, 0.07405082820805686, 1.0, 0.001, 0.001, 0.30530142532748067, 0.9758148764280998, 0.9244327247062915, 0.5975955622160591, 0.39576140465498216, 0.001, 1.0, 0.001, 1.0, 1.0, 0.9359836176660375]
[0.001, 0.4370364114992976, 0.29647024733492544, 0.24983446940556303, 0.4699280814400725, 0.3503585221905089, 0.004357537068333112, 0.001, 0.35299101019501306, 0.1781707511015659, 0.5756183205363937, 0.5796179699915386, 0.012313235292534433, 0.3724057911022388, 0.20404840290606627, 0.2636756903341462, 0.6237072184299741, 0.4120230744903001, 0.973544399142103, 0.5738908298918193]
2.2618871254597874e-09
[0.60571658 0.83972006 0.001      0.001      1.         0.001
 0.001      0.71841944 0.44079051]
0.0008697637353113941[0.001, 0.4370364114992976, 0.29647024733492544, 0.24983446940556303, 0.4699280814400725, 0.3503585221905089, 0.004357537068333112, 0.001, 0.35299101019501306, 0.1781707511015659, 0.5756183205363937, 0.6057165755154902, 0.8397200612460413, 0.001, 0.001, 1.0, 0.001, 0.001, 0.7184194414317236, 0.4407905139101151]
[0.3844997818460837, 0.9518820349492971, 0.6483810963135095, 0.8417344617685156, 0.001, 0.7841822240320121, 1.0, 0.001, 0.07795898337443713, 0.001, 0.2427015626282738, 1.0, 0.916223431931938, 0.11583935135898371, 0.49417269943365255, 0.001, 0.41574305490459196, 0.7401079089340901, 0.1136156368152604, 0.001]
7.238376111533912e-07
[0.36501564 0.57526498 0.8500531  0.001      0.93929475 0.001
 0.27555998 1.         0.28927715]
0.05937304491884697[0.3844997818460837, 0.9518820349492971, 0.6483810963135095, 0.8417344617685156, 0.001, 0.7841822240320121, 1.0, 0.001, 0.07795898337443713, 0.001, 0.2427015626282738, 0.36501564480983706, 0.5752649769977201, 0.8500531035478681, 0.001, 0.9392947542516662, 0.001, 0.2755599834568915, 1.0, 0.28927715394663406]
[0.001, 1.0, 0.009601890212210473, 0.03456511351995256, 0.24881654492465266, 0.7006681177648735, 0.08855935766238354, 0.44006609202213787, 0.019313014570159937, 0.462679030693005, 0.2910937656288811, 0.4164167068590097, 0.2888373051903099, 0.2533894853686427, 0.9067106257521266, 0.8715851520543698, 0.7814813485770926, 0.001, 0.001, 0.23080617704195996]
2.5149755742735777e-08
[0.10525192 0.001      0.97360888 0.001      0.81590212 1.
 1.         0.89152922 0.13690789]
48.36473560706059[0.001, 1.0, 0.009601890212210473, 0.03456511351995256, 0.24881654492465266, 0.7006681177648735, 0.08855935766238354, 0.44006609202213787, 0.019313014570159937, 0.462679030693005, 0.2910937656288811, 0.10525192168496317, 0.001, 0.973608877383497, 0.001, 0.8159021176706283, 1.0, 1.0, 0.8915292216205873, 0.136907886471563]
Thu Jun 28 17:25:09 2018
Thu Jun 28 17:25:59 2018
Thu Jun 28 17:30:58 2018
Thu Jun 28 17:50:22 2018
Thu Jun 28 17:50:57 2018
Thu Jun 28 17:56:05 2018
[0.001, 0.001, 0.001, 0.7517073898416495, 0.7124097040074349, 0.2568403768837658, 0.7545045705129316, 0.001, 0.25339568782002037, 0.46158856928102615, 0.001, 0.6758704142571922, 0.757695902164295, 0.7334019854621362, 1.0, 1.0, 0.5182202358905716, 0.13569358428574413, 0.2710929680483526, 0.03843293753112839]
2.0623560834210716e-11
[0.69338478 1.         0.84850757 0.001      1.         0.001
 1.         1.         1.        ]
25186.20465774351[0.001, 0.001, 0.001, 0.7517073898416495, 0.7124097040074349, 0.2568403768837658, 0.7545045705129316, 0.001, 0.25339568782002037, 0.46158856928102615, 0.001, 0.6933847784860426, 1.0, 0.848507568921032, 0.001, 1.0, 0.001, 1.0, 1.0, 1.0]
Fri Jun 29 13:53:45 2018
Fri Jun 29 13:56:26 2018
[1.0, 0.5913604565723501, 0.8683121997500252, 0.6282285820090444, 0.35821657685036484, 0.4309250231355384, 0.5196964163256768, 0.5352615989256206, 1.0, 0.6204972369234365, 0.5331982824772818, 0.9799598237894201, 0.7570944590721855, 1.0, 0.9664834712590877, 0.2, 1.0, 0.35151184978534517, 0.655974861144935, 1.0]
4.697117680350612e-16
[0.001      0.4789038  0.40355249 0.001      1.         0.001
 0.86025694 0.56316968 0.001     ]
6.2918103833810485e-06[1.0, 0.5913604565723501, 0.8683121997500252, 0.6282285820090444, 0.35821657685036484, 0.4309250231355384, 0.5196964163256768, 0.5352615989256206, 1.0, 0.6204972369234365, 0.5331982824772818, 0.001, 0.47890380464516513, 0.403552490669456, 0.001, 1.0, 0.001, 0.8602569400851284, 0.5631696828951971, 0.001]
[0.8107322276828312, 1.0, 1.0, 0.6937846193951893, 0.9293880639793363, 0.3297243584328424, 0.5153897203709147, 0.2430321205028618, 0.9437111979822803, 0.35099870325749727, 0.24628367509478136, 0.7526599765775782, 1.0, 0.9871872161510243, 0.7868501789294856, 0.2855590336401077, 0.6191948464476366, 0.29435801340366974, 0.8919674049659377, 0.4477047758101853]
1.8510500781179867e-14
[0.001      0.75122886 0.0826513  0.60760995 0.49786121 0.71307783
 0.001      0.62492346 0.43936225]
9.560515621282269e-06[0.8107322276828312, 1.0, 1.0, 0.6937846193951893, 0.9293880639793363, 0.3297243584328424, 0.5153897203709147, 0.2430321205028618, 0.9437111979822803, 0.35099870325749727, 0.24628367509478136, 0.001, 0.7512288604499383, 0.08265130428252049, 0.6076099493142155, 0.49786121181017745, 0.7130778348507951, 0.001, 0.6249234574593776, 0.43936224854030514]
[0.8151696047708226, 0.2, 0.35131932753957196, 0.895033452020848, 0.41854349229263255, 0.7606433418983579, 0.573455057916124, 0.9833659440953783, 0.6434238229087361, 0.400681815402698, 0.2, 1.0, 0.8801975672646002, 1.0, 0.2, 0.5537615784362628, 0.7853311771335965, 0.6626601654448241, 0.8096807595492117, 0.2981097285024681]
5.067202049182045e-19
[0.001      0.88361451 1.         0.001      0.001      0.3365034
 0.40634178 0.35091386 0.89247032]
8.200992227098144e-06[0.8151696047708226, 0.2, 0.35131932753957196, 0.895033452020848, 0.41854349229263255, 0.7606433418983579, 0.573455057916124, 0.9833659440953783, 0.6434238229087361, 0.400681815402698, 0.2, 0.001, 0.8836145079843377, 1.0, 0.001, 0.001, 0.33650340407623713, 0.40634178149813316, 0.3509138629694072, 0.8924703217066683]
[0.5630697100574492, 0.2, 0.2, 0.8692296441476647, 0.5473912582656113, 0.648716288441112, 0.6033534492162229, 0.583831945097253, 0.786074360148226, 0.2, 0.7501747636041654, 0.9028979044430999, 0.9725720537161843, 1.0, 0.5836245173575663, 0.8184956885396851, 0.3268798435456033, 0.2, 0.6886241446810955, 0.2]
3.0728169573726042e-21
[0.001      0.65300596 0.001      0.29689207 0.93032631 0.59439196
 0.28755032 0.53459758 0.25049247]
7.2674695153562205e-06[0.5630697100574492, 0.2, 0.2, 0.8692296441476647, 0.5473912582656113, 0.648716288441112, 0.6033534492162229, 0.583831945097253, 0.786074360148226, 0.2, 0.7501747636041654, 0.001, 0.6530059635031249, 0.001, 0.29689207114024413, 0.930326310519005, 0.5943919551426751, 0.2875503221578714, 0.5345975845249332, 0.25049246759276284]
[0.20273606351134144, 0.6112220305260211, 0.2, 0.7064582037188356, 0.4955344750612005, 1.0, 0.48218991637317277, 0.3331920818976127, 0.36093447712095156, 0.8673258113327244, 0.47312529684050625, 0.8350072940739605, 1.0, 1.0, 0.8878203597281776, 0.2, 0.4950134739815354, 0.7169887233676464, 0.2609252604111231, 0.44461906439527]
5.448251237626679e-18
[0.001      0.94002854 0.29433021 0.001      0.60485116 0.09194677
 0.32511735 0.69508719 1.        ]
6.963998819780931e-06[0.20273606351134144, 0.6112220305260211, 0.2, 0.7064582037188356, 0.4955344750612005, 1.0, 0.48218991637317277, 0.3331920818976127, 0.36093447712095156, 0.8673258113327244, 0.47312529684050625, 0.001, 0.9400285387987646, 0.29433021481619553, 0.001, 0.6048511618844322, 0.09194676815113764, 0.32511735046141044, 0.6950871856179415, 1.0]
Fri Jun 29 14:09:10 2018
[0.7140202118330912, 0.6517582969773066, 0.2, 0.9652127606814831, 0.24082132431223585, 0.2, 0.40158603735719595, 0.7439440176812391, 0.2, 0.5575373538315557, 0.7385718687087849, 1.0, 0.8131642010035285, 0.9841742852464783, 0.42167744479290126, 0.8242105917502591, 0.363288657798881, 0.2, 0.47028731580875216, 0.5618746009090232]
1.2580404711011664e-18
[0.001      0.74971719 0.23989035 0.13670629 0.62436105 0.45219994
 0.84838842 1.         0.99405046]
7.3498752410884345e-06[0.7140202118330912, 0.6517582969773066, 0.2, 0.9652127606814831, 0.24082132431223585, 0.2, 0.40158603735719595, 0.7439440176812391, 0.2, 0.5575373538315557, 0.7385718687087849, 0.001, 0.7497171907276696, 0.23989035253456314, 0.136706290164196, 0.6243610475987718, 0.4521999415801093, 0.8483884193689862, 1.0, 0.9940504564889086]
[0.8619769750243519, 0.37588335526836636, 0.922241912414979, 0.44254992400073223, 0.7784304806911304, 1.0, 0.5512355930447734, 0.494839521044498, 0.9026971827063788, 0.2, 0.2, 1.0, 1.0, 1.0, 0.21274675661314507, 1.0, 0.35231033923445726, 0.7525028566282913, 0.4781210830550495, 0.2]
1.6703981307634508e-23
[0.001      0.12521048 0.30939144 0.001      0.92613311 0.11128772
 0.40267849 0.59967364 0.58287146]
6.410368606136225e-06[0.8619769750243519, 0.37588335526836636, 0.922241912414979, 0.44254992400073223, 0.7784304806911304, 1.0, 0.5512355930447734, 0.494839521044498, 0.9026971827063788, 0.2, 0.2, 0.001, 0.12521048319101402, 0.30939144053390527, 0.001, 0.926133111186777, 0.11128771989398192, 0.40267848641662185, 0.5996736408441876, 0.582871457210101]
Fri Jun 29 14:12:42 2018
Fri Jun 29 14:12:58 2018
Fri Jun 29 14:22:46 2018
Fri Jun 29 15:32:16 2018
[0.4376346228793947, 0.29532172954125213, 0.2351665999715179, 0.8541262623957087, 0.38163308408501745, 0.229502138761368, 0.22428236883612573, 0.36833944505365623, 1.0, 0.26130275717463913, 1.0, 0.4892379878173376, 0.22904668075662946, 0.32292356953628126, 0.10283398780123137, 0.3686760770992693, 0.2970835108780774, 0.001, 0.001, 0.001]
0.33789826987662586
[0.85810672 0.20940532 0.001      1.         0.001      0.001
 1.         0.94783359 1.        ]
0.10143342745433236[0.4376346228793947, 0.29532172954125213, 0.2351665999715179, 0.8541262623957087, 0.38163308408501745, 0.229502138761368, 0.22428236883612573, 0.36833944505365623, 1.0, 0.26130275717463913, 1.0, 0.8581067180686677, 0.209405317224938, 0.001, 1.0, 0.001, 0.001, 1.0, 0.9478335934514299, 1.0]
Fri Jun 29 15:40:43 2018
Fri Jun 29 15:55:57 2018
Fri Jun 29 15:57:11 2018
[0.776175299262607, 0.24135714622841284, 0.774598191135391, 0.38585071567361895, 0.9624223387763708, 1.0, 0.6289754816870408, 0.5991854201799558, 0.018542087999576275, 0.10383361610319555, 0.30268828047594565, 0.05744073088801277, 0.5338968519628472, 0.76353397500728, 0.759015484278, 0.9328231876774652, 0.001, 0.028766808410798993, 0.19132668839129702, 0.756001889628336]
0.23482445530452958
[0.96377677 0.64620936 0.23528263 1.         0.51441515 0.2627413
 1.         0.91357777 0.15855516]
20.52921523797468[0.776175299262607, 0.24135714622841284, 0.774598191135391, 0.38585071567361895, 0.9624223387763708, 1.0, 0.6289754816870408, 0.5991854201799558, 0.018542087999576275, 0.10383361610319555, 0.30268828047594565, 0.9637767663228742, 0.6462093562956375, 0.23528262961634958, 1.0, 0.5144151510152808, 0.2627413029538133, 1.0, 0.9135777742699243, 0.1585551627555897]
[0.36141685465014317, 0.29110715959242284, 1.0, 0.001, 0.6301726475369438, 0.5045443994377059, 0.5613888798780053, 0.915017875816591, 0.13903703334199535, 0.001, 0.7929004967646887, 0.21913345644383134, 0.8802591029098559, 0.4230500790747824, 0.6543593552992077, 0.6411294552337268, 0.679203733887747, 0.06399696752220918, 0.001, 0.21670844066252762]
0.3304449542109496
[0.60487077 0.30669566 1.         1.         0.46761138 0.26804564
 1.         0.90729012 0.15804058]
20.50804800770531[0.36141685465014317, 0.29110715959242284, 1.0, 0.001, 0.6301726475369438, 0.5045443994377059, 0.5613888798780053, 0.915017875816591, 0.13903703334199535, 0.001, 0.7929004967646887, 0.60487077157581, 0.30669566173174323, 1.0, 1.0, 0.4676113816086933, 0.26804564020191746, 1.0, 0.9072901192456708, 0.15804057677918193]
Fri Jun 29 16:41:05 2018
similar params: [1.0, 0.07901488394383693, 0.33497986603748175, 0.2882667026450786, 0.6783018433788411, 0.058744801981524764, 0.496845316552194, 0.6953668228021519, 0.613598083953234, 0.6013777361601398, 0.24247571043830562, 0.0945145404234991, 0.001, 0.9091559526683497, 0.8961695159032476, 0.001, 0.02964094710958303, 0.12029836008364014, 0.39057690710606485, 0.7519593413415872]

Fri Jun 29 16:56:32 2018
Fri Jun 29 16:56:56 2018
similar params: [1.0, 0.6511958851819917, 0.6653263537205819, 0.7174512925560532, 0.25215372424642046, 0.3719123312003121, 0.6970292052370717, 0.812274462104284, 0.9904204002907473, 0.5026734645650396, 0.5663701322764687, 0.6673459250375648, 0.12174719929274327, 0.8860064785405635, 0.20976301451850698, 0.6766653248210993, 0.8713341261529697, 0.34557789910365005, 0.001, 0.001]
similar fitness: 0.0008889694072304309
hebb + comb params: [0.84565443 0.72470817 0.6962022  1.         0.56272476 0.64762829
 0.22353059 0.96071724 0.95595874]
hebb + comb fitness: 4.105655152127053
finalparams: [1.0, 0.6511958851819917, 0.6653263537205819, 0.7174512925560532, 0.25215372424642046, 0.3719123312003121, 0.6970292052370717, 0.812274462104284, 0.9904204002907473, 0.5026734645650396, 0.5663701322764687, 0.8456544298647631, 0.7247081674925917, 0.6962022018327471, 1.0, 0.562724758791826, 0.6476282860759982, 0.22353058639664292, 0.9607172439833249, 0.9559587387304832]
similar params: [0.193089541802842, 0.42222151625274607, 1.0, 0.001, 0.5237868893355575, 1.0, 0.7819786301860396, 0.8555146115397313, 0.8374543241176176, 1.0, 0.05060655581830226, 0.16804364036965258, 0.2977932982070775, 1.0, 0.5982060676757265, 0.7586438105694784, 0.9252122027654207, 0.8771414295447084, 0.001, 0.001]
similar fitness: 9.890000926991642e-05
hebb + comb params: [0.53460431 0.08597946 0.66719239 1.         0.63008132 0.84800244
 0.67424787 0.55768951 0.30271205]
hebb + comb fitness: 4.8975369524135886
finalparams: [0.193089541802842, 0.42222151625274607, 1.0, 0.001, 0.5237868893355575, 1.0, 0.7819786301860396, 0.8555146115397313, 0.8374543241176176, 1.0, 0.05060655581830226, 0.5346043098275541, 0.08597945677799423, 0.6671923898834186, 1.0, 0.630081320011134, 0.8480024364400025, 0.6742478653667523, 0.5576895057339739, 0.3027120497067218]
similar params: [0.3496509073046379, 0.6605572808700764, 0.39974963936961977, 0.10717054101925856, 0.4626113408523899, 0.32394024209533173, 0.8047485738999721, 1.0, 0.7042923730563463, 0.7226941693433854, 0.4102266127306881, 0.4371489608736199, 0.8318368187005372, 0.950138228929988, 0.8627570194524371, 0.610138333705871, 0.4376223022775958, 0.3580303383285162, 0.001, 0.001]
similar fitness: 0.000280233884865623
hebb + comb params: [0.39154987 0.02696749 0.69244262 1.         0.91459027 0.73146989
 0.49296487 0.64951521 0.42462707]
hebb + comb fitness: 4.4412062494274185
finalparams: [0.3496509073046379, 0.6605572808700764, 0.39974963936961977, 0.10717054101925856, 0.4626113408523899, 0.32394024209533173, 0.8047485738999721, 1.0, 0.7042923730563463, 0.7226941693433854, 0.4102266127306881, 0.39154987268800434, 0.026967485493849405, 0.6924426249231492, 1.0, 0.9145902691072056, 0.7314698866053922, 0.49296487237220554, 0.6495152132467028, 0.42462706782235615]
similar params: [0.8963154801234537, 0.8811550911239799, 0.001, 0.3141108150875887, 0.616619271171829, 0.4278131540363812, 0.3472075333209296, 0.7857189876444103, 0.6226793138880297, 0.7894564454848647, 0.6964873375110704, 0.7275494789890259, 0.9526466733424654, 1.0, 0.6773118411650412, 0.5069483238314052, 0.001, 0.001, 0.001, 0.001]
similar fitness: 0.00010639630875238632
hebb + comb params: [0.001      0.71598439 0.70376069 1.         0.90496565 0.61607377
 0.29939275 0.95761106 0.9254511 ]
hebb + comb fitness: 3.902538529559552
finalparams: [0.8963154801234537, 0.8811550911239799, 0.001, 0.3141108150875887, 0.616619271171829, 0.4278131540363812, 0.3472075333209296, 0.7857189876444103, 0.6226793138880297, 0.7894564454848647, 0.6964873375110704, 0.001, 0.715984393036365, 0.7037606932329475, 1.0, 0.9049656522146639, 0.6160737723504783, 0.299392754621201, 0.9576110607060077, 0.925451097753302]
similar params: [1.0, 0.001, 0.08495403652391834, 0.3937682800410295, 0.1618911696941706, 0.20254672892493192, 0.6091754244242371, 1.0, 0.6311042628456385, 0.21436219850127086, 0.08280789963324015, 0.6405495353909433, 0.5004975611658429, 0.9824408087238706, 0.0663696678083926, 0.6446940864878372, 0.16803166830642635, 0.2683279518450209, 0.10379108987456831, 0.001]
similar fitness: 0.0008171239104283758
hebb + comb params: [0.76608906 0.51260308 0.67194003 0.93393815 0.53327161 0.69809127
 0.44777388 0.61331807 0.47054658]
hebb + comb fitness: 5.652388927099939
finalparams: [1.0, 0.001, 0.08495403652391834, 0.3937682800410295, 0.1618911696941706, 0.20254672892493192, 0.6091754244242371, 1.0, 0.6311042628456385, 0.21436219850127086, 0.08280789963324015, 0.7660890606739411, 0.5126030772342022, 0.671940032990347, 0.9339381499668147, 0.53327161051098, 0.6980912681042108, 0.4477738839720625, 0.6133180746968996, 0.47054657727995547]
Fri Jun 29 17:25:51 2018
similar params: [0.1681294146880927, 0.6285467841039923, 0.20402094690848063, 0.09807267192583524, 0.001, 0.7974895954785104, 0.001, 0.28721280897475515, 1.0, 0.3355263221472958, 0.9567723033865398, 0.38836468808681035, 0.8180873428866506, 1.0, 0.5189972119494043, 0.8182329175373935, 0.3669158254162954, 0.001, 0.001, 0.001]
similar fitness: 0.00010242029665777191
hebb + comb params: [0.54378519 0.47006161 0.29212566 1.         0.001      0.001
 1.         1.         0.94666224]
hebb + comb fitness: 0.5166213206833699
finalparams: [0.1681294146880927, 0.6285467841039923, 0.20402094690848063, 0.09807267192583524, 0.001, 0.7974895954785104, 0.001, 0.28721280897475515, 1.0, 0.3355263221472958, 0.9567723033865398, 0.5437851876146592, 0.47006160500473176, 0.2921256553070529, 1.0, 0.001, 0.001, 1.0, 1.0, 0.9466622350818411]
Fri Jun 29 17:36:25 2018
similar params: [0.8101283036885562, 0.001, 0.49649636509515077, 0.44661210236901916, 0.4582715779122657, 0.1405976362431929, 0.5756736623859541, 0.14599109846403835, 0.6817421316101767, 0.4028120787199448, 0.5136006612780735, 0.5393174261790378, 0.28646934162695, 1.0, 0.22706017914335708, 0.6177098673573194, 1.0, 0.27195892882946227, 0.001, 0.7224071594701813]
similar fitness: 0.0019196967234194225
hebb + comb params: [0.001      0.68990819 0.65125833 1.         0.001      1.
 0.97111038 0.88028528 0.27344644]
hebb + comb fitness: 9.121118644747161
finalparams: [0.8101283036885562, 0.001, 0.49649636509515077, 0.44661210236901916, 0.4582715779122657, 0.1405976362431929, 0.5756736623859541, 0.14599109846403835, 0.6817421316101767, 0.4028120787199448, 0.5136006612780735, 0.001, 0.6899081873733223, 0.6512583349451153, 1.0, 0.001, 1.0, 0.971110378436225, 0.8802852755563146, 0.2734464361440265]
Fri Jun 29 18:32:01 2018
Fri Jun 29 18:33:31 2018
Fri Jun 29 18:41:31 2018
similar params: [0.6120032249253049, 0.8325048119232653, 0.799856997750851, 0.1810175546627082, 1.0, 0.6127632567010854, 1.0, 0.2081275955710074, 0.6152044423531615, 0.378185042067233, 0.001, 1.0, 0.81028493098217, 1.0, 1.0, 0.8825728181760699, 0.3503259203450857, 1.0, 0.031067274186830342, 0.02620433068739067]
similar fitness: 0.00013116352145229018
hebb + comb params: [0.14282002 0.03528983 0.001      1.         0.27277928 0.39518879
 0.35681836 0.51307302 0.37767078]
hebb + comb fitness: 0.2352163797105354
finalparams: [0.6120032249253049, 0.8325048119232653, 0.799856997750851, 0.1810175546627082, 1.0, 0.6127632567010854, 1.0, 0.2081275955710074, 0.6152044423531615, 0.378185042067233, 0.001, 0.14282001828818558, 0.03528982809141801, 0.001, 1.0, 0.272779281079168, 0.3951887901013784, 0.35681835536997, 0.5130730202942053, 0.37767078326361353]
similar params: [0.001, 0.05243458432148128, 0.7145666699112001, 0.001, 0.44817415251842574, 0.06365335826745733, 0.5140021829003617, 0.001, 0.6564322354361127, 0.49668585574884544, 0.37376213399525615, 0.07979859152528078, 0.3413043107271549, 1.0, 0.8490072086534022, 0.001, 1.0, 0.7670939238198912, 0.791717857318017, 0.8155280435896148]
similar fitness: 8.533595101069775e-05
hebb + comb params: [0.23018185 0.87037134 0.001      1.         0.68970173 1.
 0.04162184 0.001      0.001     ]
hebb + comb fitness: 0.23522159647414675
finalparams: [0.001, 0.05243458432148128, 0.7145666699112001, 0.001, 0.44817415251842574, 0.06365335826745733, 0.5140021829003617, 0.001, 0.6564322354361127, 0.49668585574884544, 0.37376213399525615, 0.2301818455237042, 0.8703713424559646, 0.001, 1.0, 0.6897017255484897, 1.0, 0.041621838042452564, 0.001, 0.001]
Fri Jun 29 18:48:57 2018
Fri Jun 29 18:54:40 2018
Fri Jun 29 18:56:10 2018
Fri Jun 29 18:57:13 2018
Fri Jun 29 19:41:15 2018
Fri Jun 29 19:41:28 2018
Fri Jun 29 19:50:39 2018
Fri Jun 29 19:51:33 2018
similar params: [1.0, 0.5721000383342906, 0.46173817904279374, 0.8972324828714804, 0.11612310063242959, 0.001, 0.6552381201639814, 0.001, 0.001, 0.9181236706513753, 0.9079506517356714, 0.892688333088677, 0.011629003101872159, 1.0, 0.7727674866809547, 1.0, 0.4323834576149092, 0.9008879673439509, 0.001, 0.001]
similar fitness: 0.00010048134326194909
hebb + comb params: [0.47386989 0.85038588 0.69075368 1.         1.         0.98716884
 0.82093576 0.99999996 0.26333781]
hebb + comb fitness: 4.309047092565449
finalparams: [1.0, 0.5721000383342906, 0.46173817904279374, 0.8972324828714804, 0.11612310063242959, 0.001, 0.6552381201639814, 0.001, 0.001, 0.9181236706513753, 0.9079506517356714, 0.4738698867261282, 0.8503858793547753, 0.6907536807300028, 1.0, 1.0, 0.987168838226024, 0.8209357643196218, 0.9999999551227703, 0.26333780775618904]
similar params: [0.001, 0.701407915182398, 0.9562041482618943, 0.6823927133989289, 0.17451283006246093, 0.9581200644030216, 0.4292349322429292, 0.001, 0.47619982402940497, 0.5986113474618088, 0.3164474784257228, 0.6941123888659078, 0.4361007851376286, 1.0, 0.4800303093915218, 0.17866180199708392, 0.08606237517336779, 0.13718573529474906, 0.001, 0.20968445056516427]
similar fitness: 0.0025628805778185972
hebb + comb params: [0.84042421 0.48583077 0.69039378 1.         1.         1.
 0.84567586 1.         0.25340198]
hebb + comb fitness: 4.308412610958278
finalparams: [0.001, 0.701407915182398, 0.9562041482618943, 0.6823927133989289, 0.17451283006246093, 0.9581200644030216, 0.4292349322429292, 0.001, 0.47619982402940497, 0.5986113474618088, 0.3164474784257228, 0.8404242135236142, 0.4858307682854236, 0.6903937791170107, 1.0, 1.0, 1.0, 0.8456758603210841, 1.0, 0.2534019793864342]
Fri Jun 29 20:49:59 2018
Fri Jun 29 20:50:17 2018
Fri Jun 29 20:51:02 2018
similar params: [0.22297877536703498, 0.6590733823255231, 1.0, 0.8380161668109739, 0.47635129297853257, 0.2867948538805012, 0.18447326655435625, 0.10230401609427531, 0.9227241977129345, 0.5604328585879206, 0.07340546911937756, 0.9554723241367704, 0.7461613249278938, 1.0, 0.7221637363559913, 0.001, 0.21037608667062307, 0.1260872369961657, 0.5426426583573171, 0.8641501186118882]
similar fitness: 0.004833388338506538
hebb + comb params: [0.18980604 0.51159155 0.70619924 1.         0.52553466 1.
 0.24956592 0.5749278  1.        ]
hebb + comb fitness: 3.7274083017204394
finalparams: [0.22297877536703498, 0.6590733823255231, 1.0, 0.8380161668109739, 0.47635129297853257, 0.2867948538805012, 0.18447326655435625, 0.10230401609427531, 0.9227241977129345, 0.5604328585879206, 0.07340546911937756, 0.18980603975688543, 0.5115915549646908, 0.7061992424633571, 1.0, 0.5255346572176314, 1.0, 0.24956592300593108, 0.5749277972615058, 1.0]
similar params: [1.0, 0.6381314844041831, 1.0, 0.7006886176489309, 0.6186439532186827, 0.509457348720889, 0.7933348115203781, 0.683033227682816, 0.7356854574999225, 0.1748010700070084, 0.6197245877924089, 0.281735582691097, 0.4771509445062896, 1.0, 0.001, 1.0, 0.001, 0.001, 0.41037123236730855, 1.0]
similar fitness: 0.0011312222222329398
hebb + comb params: [0.75862878 0.38682075 0.001      1.         0.66349003 0.49991071
 0.001      1.         1.        ]
hebb + comb fitness: 5.258703370805257
finalparams: [1.0, 0.6381314844041831, 1.0, 0.7006886176489309, 0.6186439532186827, 0.509457348720889, 0.7933348115203781, 0.683033227682816, 0.7356854574999225, 0.1748010700070084, 0.6197245877924089, 0.7586287765210152, 0.3868207542603864, 0.001, 1.0, 0.6634900305801263, 0.499910713330798, 0.001, 1.0, 1.0]
Fri Jun 29 21:24:14 2018
similar params: [0.3356326435596173, 0.001, 0.5774738985416534, 0.001, 0.7856536028527775, 0.8408006311328785, 0.06660016761874477, 0.9898720523675689, 0.8182979924375346, 0.3964284507841986, 0.8057792657381673, 0.001, 0.5855481637603297, 1.0, 0.525206954984071, 0.9335727623222791, 0.3056850151484888, 0.44553717033067575, 0.9502201203428774, 0.2299658168053782]
similar fitness: 0.0030788363677806147
hebb + comb params: [0.60922769 0.99069707 0.001      1.         0.35080013 0.44537625
 0.45876608 0.74510795 0.38895435]
hebb + comb fitness: 2.5276713174150487
finalparams: [0.3356326435596173, 0.001, 0.5774738985416534, 0.001, 0.7856536028527775, 0.8408006311328785, 0.06660016761874477, 0.9898720523675689, 0.8182979924375346, 0.3964284507841986, 0.8057792657381673, 0.6092276864730412, 0.990697069945842, 0.001, 1.0, 0.35080012788827253, 0.4453762548980875, 0.4587660806872182, 0.7451079542284903, 0.3889543539589928]
Fri Jun 29 21:46:49 2018
similar params: [0.061112985633663575, 1.0, 1.0, 0.4275117055054688, 0.05441457485646001, 0.41646398298143256, 0.8390892472568587, 0.8539538072755024, 1.0, 0.3309974615625979, 0.9465415987529742, 1.0, 0.7921398215724258, 1.0, 0.26702950836411693, 0.32380100343880236, 0.5513386864506569, 0.4350131108308824, 0.001, 1.0]
similar fitness: 6.378925825835274e-17
hebb + comb params: [0.27342047 0.34781961 0.10282938 0.03190967 0.33898305 0.0595779
 0.04621574 0.84793949 0.10926983]
hebb + comb fitness: 0.11448160125800959
finalparams: [0.061112985633663575, 1.0, 1.0, 0.4275117055054688, 0.05441457485646001, 0.41646398298143256, 0.8390892472568587, 0.8539538072755024, 1.0, 0.3309974615625979, 0.9465415987529742, 0.2734204697025969, 0.3478196051851038, 0.10282937594669296, 0.03190966666946112, 0.3389830462776493, 0.05957789599587003, 0.046215739418614885, 0.8479394868701385, 0.10926983146911926]

similar params: [0.516838842082074, 0.5778584725764427, 1.0, 0.9976977432781884, 0.6739528313981371, 0.001, 0.8235278355535338, 0.33328613907412663, 0.013561565050408841, 1.0, 0.7766690300532004, 0.7539120041907125, 0.6996261728115438, 0.9581389427653279, 0.36094345156374114, 0.013018659651719, 0.3633437230744703, 0.7345176493281476, 0.5030828058946697, 0.10084877902748465]
similar fitness: 1.0486278367448254e-12
hebb + comb params: [0.001      0.001      0.28072747 0.02326601 0.29250457 0.72408145
 0.32406151 0.76687086 0.45333171]
hebb + comb fitness: 0.14362029278480062
finalparams: [0.516838842082074, 0.5778584725764427, 1.0, 0.9976977432781884, 0.6739528313981371, 0.001, 0.8235278355535338, 0.33328613907412663, 0.013561565050408841, 1.0, 0.7766690300532004, 0.001, 0.001, 0.28072747424138483, 0.023266005293641888, 0.29250457423939297, 0.7240814528901253, 0.32406150741901535, 0.7668708641203106, 0.4533317050991191]

similar params: [0.5294421565039896, 0.2849683667863834, 1.0, 0.001, 0.758630235236618, 0.33413832306764135, 1.0, 0.9950858172991255, 0.6954027005438792, 0.6319216601187025, 0.905738819391143, 1.0, 0.9151087184549312, 1.0, 0.488970426028377, 0.0755448631438741, 0.4326228458660682, 0.4061266268026218, 1.0, 0.8137514799478387]
similar fitness: 8.95790184393309e-21
hebb + comb params: [0.02749387 0.68905169 0.29493857 0.13591068 0.46494449 0.65073684
 0.66948767 0.61210669 0.39489276]
hebb + comb fitness: 0.6067563271249942
finalparams: [0.5294421565039896, 0.2849683667863834, 1.0, 0.001, 0.758630235236618, 0.33413832306764135, 1.0, 0.9950858172991255, 0.6954027005438792, 0.6319216601187025, 0.905738819391143, 0.027493869769757998, 0.6890516850298343, 0.2949385669799722, 0.13591068053270325, 0.46494449434144136, 0.6507368363050858, 0.669487667432095, 0.6121066856530658, 0.3948927589038047]

similar params: [0.8229673084515489, 0.1958362386703379, 0.09511408827478887, 0.6113680182854115, 0.1344494453332482, 0.604424974040725, 1.0, 1.0, 0.794039430116164, 0.13851655568390667, 0.5982199454038993, 0.9620475448243895, 0.8629140231829474, 1.0, 0.8748862567376405, 0.42672041554053475, 0.8111774606416364, 1.0, 0.16618551098727863, 0.19556406232992607]
similar fitness: 8.301032889190138e-19
hebb + comb params: [0.0842536  0.99016367 0.001      0.13713755 0.57463475 0.33090809
 0.5579581  0.99925247 0.70414697]
hebb + comb fitness: 0.8580405454906508
finalparams: [0.8229673084515489, 0.1958362386703379, 0.09511408827478887, 0.6113680182854115, 0.1344494453332482, 0.604424974040725, 1.0, 1.0, 0.794039430116164, 0.13851655568390667, 0.5982199454038993, 0.08425359527149924, 0.9901636727099441, 0.001, 0.13713755392531735, 0.5746347460824237, 0.33090809017737505, 0.5579581040411034, 0.9992524742010083, 0.7041469713188359]

similar params: [0.11064310708628361, 0.4567073178035708, 1.0, 0.6841405329487925, 0.001, 0.10141499962307013, 0.8528811044782902, 0.5208573208808884, 0.3473652384237958, 0.9834138207080496, 0.2384753516587806, 1.0, 1.0, 1.0, 0.8823938320726875, 0.33399002655839094, 0.001, 0.001, 0.001, 0.3047404794557057]
similar fitness: 2.7817373471705784e-28
hebb + comb params: [0.06136402 0.63965867 0.07150801 0.04615631 0.41709256 0.75988755
 0.75332868 0.42764965 0.0010063 ]
hebb + comb fitness: 0.3210613309774022
finalparams: [0.11064310708628361, 0.4567073178035708, 1.0, 0.6841405329487925, 0.001, 0.10141499962307013, 0.8528811044782902, 0.5208573208808884, 0.3473652384237958, 0.9834138207080496, 0.2384753516587806, 0.06136401867603481, 0.6396586727879523, 0.07150800958254822, 0.04615631201067103, 0.41709255671744183, 0.7598875455282589, 0.7533286848206016, 0.4276496534464277, 0.0010063046286900212]
